-28.1256
-27.9528
-27.797
-27.6646
-27.562
-27.4966
-27.4801
-27.5263
-27.6503
-27.8697
-28.2232
-28.8013
-29.7405
-31.2759
-33.9154
-37.9542
-40.134
-35.3277
-27.9824
-21.5654
-16.4834
-12.5726
-9.50531
-7.04853
-5.05252
-3.42855
-2.12949
-1.12424
-0.395959
0.0574242
0.254194
0.267847
0.167444
0.018323
-0.11163
-0.16895
-0.162826
-0.11751
-0.0575608
-0.00709333
0.0136604
0.00582341
-0.0214114
-0.0588975
-0.0973969
-0.127851
-0.146252
-0.152663
-0.147306
-0.130453
-0.102448
-0.0663126
-0.0298079
-0.00107215
0.0118504
0.000899109
-0.0387244
-0.0933945
-0.14297
-0.166875
-0.144462
-0.0571746
0.0771142
0.203769
0.26918
0.220505
0.000199292
-0.447287
-1.12789
-2.04196
-3.19961
-4.61929
-6.326
-8.36635
-10.8288
-13.8459
-17.6126
-22.3743
-28.2157
-34.9122
-40.2428
-39.6882
-35.8445
-32.6585
-30.7248
-29.5219
-28.7527
-28.2615
-27.9495
-27.7447
-27.6072
-27.5259
-27.4926
-27.5003
-27.5425
-27.6131
-27.7074
-27.8218
-27.9523
-28.0951
-28.2459

2.16495
2.1699
2.17485
2.1798
2.18475
2.1897
2.19465
2.1996
2.20455
2.2095
2.21446
2.21941
2.22436
2.22931
2.23426
2.23921
2.24416
2.24911
2.25406
2.25901
2.26396
2.26891
2.27386
2.27881
2.28376
2.28871
2.29366
2.29861
2.30356
2.30851
2.31347
2.31842
2.32337
2.32832
2.33327
2.33822
2.34317
2.34812
2.35307
2.35802
2.36297
2.36792
2.37287
2.37782
2.38277
2.38772
2.39267
2.39762
2.40257
2.40752
2.41248
2.41743
2.42238
2.42733
2.43228
2.43723
2.44218
2.44713
2.45208
2.45703
2.46198
2.46693
2.47188
2.47683
2.48178
2.48673
2.49168
2.49663
2.50158
2.50653
2.51149
2.51644
2.52139
2.52634
2.53129
2.53624
2.54119
2.54614
2.55109
2.55604
2.56099
2.56594
2.57089
2.57584
2.58079
2.58574
2.59069
2.59564
2.60059
2.60554
2.6105
2.61545
2.6204
2.62535
2.6303
2.63525
2.6402
2.64515
2.6501
2.65505
2.66
